1000 1110 0000 0000	1000111000000000	36352
0100 0100 1100 0000	0100010011000000	17600
0000 1110 0010 0000	0000111000100000	 3616
0110 0100 0100 0000	0110010001000000	25664

0110 1100 0000 0000	0110110000000000	27648
1000 1100 0100 0000	1000110001000000	35904
0000 0110 1100 0000	0000011011000000	 1728
0100 0110 0010 0000	0100011000100000	17952

0000 1111 0000 0000	0000111100000000	 3840
0100 0100 0100 0100	0100010001000100	17476
0000 0000 1111 0000	0000000011110000	  240
0010 0010 0010 0010	0010001000100010	 8738

1100 0110 0000 0000	1100011000000000	50688
0100 1100 1000 0000	0100110010000000	19584
0000 1100 0110 0000	0000110001100000	 3168
0010 0110 0100 0000	0010011001000000	 9792

0100 1110 0000 0000	0100111000000000	19968
0100 1100 0100 0000	0100110001000000	19520
0000 1110 0100 0000	0000111001000000	 3648
0100 0110 0100 0000	0100011001000000	17984

1100 1100 0000 0000	1100110000000000	52224
1100 1100 0000 0000	1100110000000000	52224
1100 1100 0000 0000	1100110000000000	52224
1100 1100 0000 0000	1100110000000000	52224

0010 1110 0000 0000	0010111000000000	11776
1100 0100 0100 0000	1100010001000000	50240
0000 1110 1000 0000	0000111010000000	 3712
0100 0100 0110 0000	0100010001100000	17504

		RGB
PLAVA		0000 0000 1111	000000001111	15
ZELENA		0000 1111 0000	000011110000	240
TIRKIZNA	0000 1111 1111	000011111111	255
CRVENA		1111 0000 0000	111100000000	3840
LJUBICASTA	1111 0000 1111	111100001111	3855
ZUTA		1111 1111 0000	111111110000	4080
BELA		1111 1111 1111	111111111111	4095

0  0  0 0 	1 1 1 1		0 0 0 0		
11 10 9 8 	7 6 5 4 	3 2 1 0
11,7,3